# This file may be used to create an environment using:
# $ conda create --name <env> --file <this file>
# platform: win-64
asttokens=3.0.0=pyhd8ed1ab_1
bzip2=1.0.8=h2bbff1b_6
ca-certificates=2025.1.31=h56e8100_0
colorama=0.4.6=pyhd8ed1ab_1
comm=0.2.2=pyhd8ed1ab_1
datasets=3.6.0.dev0=pypi_0
debugpy=1.8.11=py310h5da7b33_0
decorator=5.2.1=pyhd8ed1ab_0
dill=0.3.8=pypi_0
exceptiongroup=1.2.2=pyhd8ed1ab_1
executing=2.1.0=pyhd8ed1ab_1
huggingface-hub=0.30.2=pypi_0
importlib-metadata=8.6.1=pyha770c72_0
ipykernel=6.29.5=pyh4bbf305_0
ipython=8.34.0=pyh9ab4c32_0
ipywidgets=8.1.7=pypi_0
jedi=0.19.2=pyhd8ed1ab_1
jupyter_client=8.6.3=pyhd8ed1ab_1
jupyter_core=5.7.2=py310h5588dad_0
jupyterlab-widgets=3.0.15=pypi_0
libffi=3.4.4=hd77b12b_1
libsodium=1.0.18=h8d14728_1
matplotlib-inline=0.1.7=pyhd8ed1ab_1
multiprocess=0.70.16=pypi_0
nest-asyncio=1.6.0=pyhd8ed1ab_1
networkx=3.4.2=pypi_0
openssl=3.0.16=h3f729d1_0
packaging=24.2=pyhd8ed1ab_2
parso=0.8.4=pyhd8ed1ab_1
pickleshare=0.7.5=pyhd8ed1ab_1004
pip=25.0=py310haa95532_0
platformdirs=4.3.6=pyhd8ed1ab_1
prompt-toolkit=3.0.50=pyha770c72_0
psutil=5.9.0=py310h827c3e9_1
pure_eval=0.2.3=pyhd8ed1ab_1
pygments=2.19.1=pyhd8ed1ab_0
python=3.10.16=h4607a30_1
python-dateutil=2.9.0.post0=pyhff2d567_1
python_abi=3.10=2_cp310
pywin32=308=py310h5da7b33_0
pyzmq=24.0.1=py310hcd737a0_1
requests=2.32.3=pypi_0
setuptools=75.8.0=py310haa95532_0
six=1.17.0=pyhd8ed1ab_0
sqlite=3.45.3=h2bbff1b_0
stack_data=0.6.3=pyhd8ed1ab_1
sympy=1.13.1=pypi_0
tk=8.6.14=h0416ee5_0
torch=2.6.0=pypi_0
torchaudio=2.6.0=pypi_0
torchvision=0.21.0=pypi_0
tornado=6.2=py310h8d17308_1
tqdm=4.67.1=pypi_0
traitlets=5.14.3=pyhd8ed1ab_1
typing_extensions=4.12.2=pyha770c72_1
tzdata=2025a=h04d1e81_0
ucrt=10.0.22621.0=h57928b3_1
vc=14.42=haa95532_4
vs2015_runtime=14.42.34433=he0abc0d_4
wcwidth=0.2.13=pyhd8ed1ab_1
wheel=0.45.1=py310haa95532_0
widgetsnbextension=4.0.14=pypi_0
xformers=0.0.29.post3=pypi_0
xxhash=3.5.0=pypi_0
xz=5.6.4=h4754444_1
zeromq=4.3.4=h0e60522_1
zipp=3.21.0=pyhd8ed1ab_1
zlib=1.2.13=h8cc25b3_1
